#!/bin/bash

../bin/ucvm_query -f ../conf/ucvm.conf -m cs173 << EOF &> cs173-it.log
-118.723500 34.614500 0.0
-118.723500 34.614500 100.0
-118.723500 34.614500 1000.0
-118.723500 34.614500 10000.0
-118.723500 34.614500 40000.0
-119.698189 34.420831 0.0
-119.698189 34.420831 100.0
-119.698189 34.420831 1000.0
-119.698189 34.420831 10000.0
-119.698189 34.420831 40000.0
-120.582740 34.968060 0.0
-120.582740 34.968060 100.0
-120.582740 34.968060 1000.0
-120.582740 34.968060 10000.0
-120.582740 34.968060 40000.0
-119.104450 35.344440 0.0
-119.104450 35.344440 100.0
-119.104450 35.344440 1000.0
-119.104450 35.344440 10000.0
-119.104450 35.344440 40000.0
-120.990669 35.668835 0.0
-120.990669 35.668835 100.0
-120.990669 35.668835 1000.0
-120.990669 35.668835 10000.0
-120.990669 35.668835 40000.0
-120.432800 35.899700 0.0
-120.432800 35.899700 100.0
-120.432800 35.899700 1000.0
-120.432800 35.899700 10000.0
-120.432800 35.899700 40000.0
-120.102917 36.202731 0.0
-120.102917 36.202731 100.0
-120.102917 36.202731 1000.0
-120.102917 36.202731 10000.0
-120.102917 36.202731 40000.0
-119.782911 36.300783 0.0
-119.782911 36.300783 100.0
-119.782911 36.300783 1000.0
-119.782911 36.300783 10000.0
-119.782911 36.300783 40000.0
EOF


